00000000001000100001100000100000
00000000001000110010000000100000
00000000001000100001100000100000
00000000001000100001100000100000
00000000001000100001100000100000
00000000001000100001100000100000
00000000001000100001100000100000
00000000001000100001100000100000
00000000001000100001100000100000
00000000001000100001100000100000
00000000001000100001100000100000
00000000001000100001100000100000
00000000001000100001100000100000
00000000001000100001100000100000
00000000001000100001100000100000
00000000001000100001100000100000
00000000001000100001100000100000
00000000001000100001100000100000
00000000001000100001100000100000
00000000001000100001100000100000
00000000001000100001100000100000
00000000001000100001100000100000
00000000001000100001100000100000
00000000001000100001100000100000
00000000001000100001100000100000
00000000001000100001100000100000
00000000001000100001100000100000
00000000001000100001100000100000
00000000001000100001100000100000
00000000001000100001100000100000
00000000001000100001100000100000
00000000001000100001100000100000
